academic_year_201201 <- c(1, 1, 1, 1, 1, 2, 2, 2, 2, 2, 2, 2, 2, 3, 4, 4, 4, 4, 5, 5, 5, 5, 6, 6, 6, 6, 6, 6, 6, 7, 7, 7, 8, 8, 8, 9, 9, 9, 9, 10, 11, 12, 12, 14, 15, 16, 16, 16, 16, 18, 18, 21, 22, 22, 22, 23, 23, 24, 24, 25, 25, 26, 27, 27, 28, 33, 37, 48, 49, 53, 54, 56, 58, 94, 140, 207)
academic_year_201202 <- c(1, 1, 1, 1, 1, 1, 1, 1, 2, 2, 2, 2, 2, 2, 3, 3, 3, 3, 4, 4, 4, 5, 5, 6, 6, 7, 7, 8, 8, 8, 8, 8, 9, 10, 10, 10, 11, 12, 12, 13, 14, 14, 14, 14, 14, 15, 15, 16, 16, 16, 16, 21, 21, 23, 23, 23, 24, 24, 24, 25, 27, 28, 28, 29, 34, 36, 36, 41, 41, 43, 53, 65, 66, 103, 128, 168)
academic_year_201301 <- c(1, 1, 1, 1, 1, 1, 1, 1, 2, 2, 2, 2, 2, 2, 2, 2, 2, 2, 3, 3, 3, 3, 4, 4, 4, 5, 5, 5, 6, 6, 6, 6, 6, 6, 7, 7, 8, 8, 8, 9, 10, 10, 10, 10, 11, 12, 12, 12, 14, 14, 15, 16, 17, 18, 19, 19, 20, 20, 20, 20, 21, 22, 22, 23, 23, 23, 28, 29, 32, 33, 36, 39, 44, 46, 47, 60, 64, 93, 144, 187)
academic_year_201302 <- c(1, 1, 1, 1, 1, 1, 1, 1, 1, 1, 1, 2, 2, 2, 2, 2, 2, 2, 2, 2, 3, 3, 3, 3, 4, 4, 4, 4, 5, 5, 6, 6, 6, 6, 6, 6, 6, 6, 6, 6, 7, 8, 8, 8, 9, 9, 9, 12, 13, 14, 14, 14, 15, 15, 16, 17, 17, 18, 18, 19, 19, 22, 22, 23, 25, 25, 26, 26, 28, 29, 30, 32, 39, 41, 47, 48, 55, 58, 68, 77, 94, 150, 157)
academic_year_201303 <- c(1, 1, 1, 1, 1, 1, 1, 1, 1, 1, 1, 1, 1, 1, 1, 2, 2, 2, 2, 2, 2, 3, 3, 3, 3, 3, 4, 4, 4, 4, 5, 5, 5, 5, 7, 7, 7, 7, 8, 8, 9, 9, 9, 9, 10, 10, 10, 11, 12, 12, 13, 13, 13, 14, 16, 16, 17, 18, 18, 21, 21, 21, 24, 25, 26, 27, 27, 31, 37, 38, 39, 41, 50, 57, 61, 61, 67, 108, 116)
academic_year_201401 <- c(1, 1, 1, 1, 1, 1, 1, 1, 2, 2, 2, 2, 3, 3, 3, 3, 3, 3, 3, 4, 5, 5, 5, 5, 5, 6, 6, 7, 7, 7, 7, 7, 8, 8, 8, 9, 11, 12, 12, 13, 13, 13, 13, 14, 14, 15, 16, 16, 17, 18, 18, 19, 19, 21, 22, 22, 23, 24, 25, 27, 27, 27, 27, 28, 32, 33, 37, 39, 43, 45, 50, 54, 63, 75, 123, 138)
academic_year_201402 <- c(1, 1, 1, 1, 1, 1, 1, 1, 1, 1, 1, 2, 2, 2, 2, 2, 3, 3, 3, 4, 4, 5, 5, 5, 5, 5, 6, 6, 7, 8, 9, 9, 9, 9, 10, 10, 11, 13, 14, 14, 14, 14, 14, 14, 14, 14, 16, 17, 18, 19, 19, 19, 21, 21, 21, 21, 22, 22, 23, 28, 28, 31, 32, 40, 40, 53, 53, 56, 60, 62, 64, 66, 94, 127, 136)
academic_year_201403 <- c(1, 1, 1, 1, 1, 1, 1, 1, 1, 1, 2, 2, 2, 2, 2, 2, 2, 2, 2, 2, 3, 3, 3, 3, 4, 4, 4, 4, 4, 4, 5, 5, 5, 6, 6, 7, 9, 9, 9, 10, 11, 12, 12, 12, 12, 14, 14, 14, 16, 17, 18, 18, 19, 19, 20, 20, 20, 20, 21, 21, 22, 22, 24, 27, 30, 31, 33, 35, 37, 51, 51, 52, 57, 59, 60, 80, 83, 124)
academic_year_201601 <- c(1, 1, 1, 1, 1, 1, 2, 2, 2, 2, 3, 3, 3, 3, 3, 3, 4, 4, 4, 4, 4, 4, 4, 4, 4, 5, 5, 5, 5, 5, 5, 6, 6, 7, 7, 7, 8, 8, 8, 10, 11, 12, 13, 13, 13, 13, 14, 15, 15, 16, 18, 20, 20, 20, 20, 20, 21, 21, 22, 22, 23, 25, 25, 28, 29, 30, 32, 35, 39, 40, 42, 49, 49, 56, 63, 65, 71, 106, 151, 154)
academic_year_201602 <- c(1, 1, 1, 1, 1, 1, 1, 1, 1, 1, 2, 2, 2, 3, 3, 3, 3, 4, 4, 4, 4, 4, 5, 5, 5, 6, 6, 6, 6, 6, 7, 7, 7, 9, 9, 9, 11, 11, 11, 11, 11, 12, 13, 13, 13, 14, 15, 16, 17, 19, 20, 21, 22, 22, 23, 26, 26, 26, 29, 30, 30, 30, 31, 33, 33, 40, 41, 41, 47, 50, 50, 53, 57, 62, 64, 66, 79, 103, 146, 168)
academic_year_201603 <- c(1, 1, 1, 1, 1, 1, 1, 1, 1, 2, 2, 2, 2, 2, 2, 2, 3, 3, 3, 3, 4, 4, 4, 4, 4, 5, 5, 5, 5, 5, 6, 6, 6, 7, 7, 8, 9, 9, 9, 10, 10, 11, 12, 13, 14, 14, 16, 17, 19, 19, 20, 20, 21, 21, 21, 22, 23, 25, 26, 26, 26, 26, 27, 32, 34, 37, 39, 40, 40, 42, 42, 45, 51, 56, 59, 90, 102, 110, 130)
academic_year_201701 <- c(1, 1, 1, 1, 1, 1, 1, 2, 2, 2, 2, 2, 2, 2, 3, 4, 4, 4, 4, 4, 5, 5, 5, 5, 6, 6, 6, 7, 7, 8, 8, 8, 8, 9, 10, 10, 11, 11, 11, 13, 13, 13, 13, 14, 14, 15, 17, 17, 21, 22, 23, 24, 24, 24, 24, 25, 26, 26, 28, 28, 29, 29, 30, 31, 36, 37, 38, 40, 41, 41, 57, 60, 63, 65, 70, 77, 130, 140, 151)
academic_year_201702 <- c(1, 1, 1, 1, 1, 1, 2, 2, 2, 2, 2, 2, 2, 2, 2, 3, 3, 3, 3, 3, 3, 4, 4, 5, 6, 7, 7, 7, 8, 8, 8, 8, 8, 10, 10, 10, 11, 11, 11, 11, 12, 12, 15, 15, 15, 16, 16, 17, 18, 19, 20, 20, 22, 23, 23, 23, 25, 27, 29, 30, 31, 34, 37, 37, 39, 40, 40, 40, 42, 51, 54, 62, 68, 70, 70, 80, 87, 94, 116, 130, 141)
academic_year_201703 <- c(1, 1, 1, 1, 1, 1, 1, 1, 1, 1, 2, 2, 2, 2, 2, 2, 2, 2, 2, 3, 3, 3, 3, 4, 4, 4, 4, 4, 5, 6, 6, 6, 6, 6, 6, 6, 7, 7, 7, 8, 9, 9, 10, 10, 11, 13, 13, 13, 14, 15, 15, 16, 16, 16, 19, 19, 20, 21, 21, 22, 24, 25, 26, 27, 28, 29, 32, 34, 34, 40, 41, 44, 45, 49, 52, 56, 59, 70, 71, 81, 82, 92, 105, 111)
academic_year_201801 <- c(1, 1, 1, 1, 1, 1, 2, 2, 2, 2, 2, 2, 3, 3, 3, 3, 3, 3, 3, 3, 4, 4, 4, 5, 6, 6, 6, 7, 7, 8, 11, 12, 13, 14, 15, 16, 16, 16, 16, 16, 17, 18, 19, 19, 19, 20, 20, 22, 23, 23, 23, 24, 24, 25, 25, 26, 27, 27, 31, 32, 34, 34, 34, 35, 36, 39, 42, 48, 53, 56, 57, 81, 82, 96, 111, 114, 133, 198)
academic_year_201802 <- c(1, 1, 1, 1, 1, 1, 1, 2, 2, 2, 2, 2, 2, 2, 3, 3, 4, 4, 4, 5, 5, 5, 6, 7, 7, 7, 8, 8, 8, 9, 10, 11, 11, 13, 14, 14, 15, 16, 16, 16, 18, 20, 21, 22, 22, 22, 22, 23, 23, 23, 27, 28, 28, 28, 28, 28, 30, 30, 32, 37, 39, 41, 43, 43, 43, 49, 60, 61, 72, 73, 88, 91, 92, 116, 143, 168)
academic_year_201803 <- c(1, 1, 1, 1, 1, 1, 2, 2, 2, 2, 2, 3, 3, 3, 3, 3, 3, 4, 4, 4, 4, 4, 5, 5, 5, 6, 7, 8, 8, 8, 8, 9, 11, 11, 11, 12, 12, 13, 14, 14, 16, 16, 16, 17, 18, 19, 20, 22, 22, 22, 23, 25, 27, 27, 28, 29, 30, 32, 32, 34, 34, 34, 35, 37, 37, 39, 39, 42, 45, 66, 70, 81, 94, 95, 121, 124, 132)
academic_year_201901 <- c(1, 1, 1, 1, 1, 1, 2, 2, 2, 2, 2, 2, 2, 3, 3, 3, 3, 3, 4, 5, 5, 5, 5, 6, 6, 7, 7, 8, 9, 10, 11, 11, 11, 12, 13, 15, 16, 16, 16, 19, 20, 20, 21, 22, 23, 24, 24, 25, 25, 26, 27, 27, 29, 29, 30, 31, 31, 32, 33, 33, 34, 39, 40, 40, 41, 50, 53, 54, 54, 63, 72, 97, 98, 112, 129, 136, 196)
academic_year_201902 <- c(1, 1, 1, 1, 1, 1, 1, 1, 1, 1, 2, 2, 2, 3, 3, 4, 4, 4, 4, 5, 5, 5, 6, 6, 7, 8, 8, 8, 8, 8, 9, 11, 12, 12, 13, 14, 15, 16, 17, 18, 18, 19, 19, 21, 23, 23, 25, 28, 28, 28, 29, 30, 30, 31, 32, 35, 38, 38, 41, 45, 47, 49, 50, 50, 51, 53, 56, 58, 59, 72, 83, 95, 117, 120, 121, 159, 190, 202)
academic_year_201903 <- c(1, 1, 1, 1, 1, 1, 1, 2, 2, 2, 2, 2, 3, 3, 3, 4, 4, 4, 5, 6, 6, 7, 7, 7, 8, 8, 9, 10, 10, 10, 12, 13, 13, 15, 15, 16, 17, 18, 18, 18, 19, 20, 20, 23, 23, 23, 25, 28, 31, 32, 33, 36, 36, 37, 39, 39, 40, 45, 47, 50, 51, 54, 55, 56, 59, 60, 60, 77, 80, 80, 92, 105, 108, 163, 169, 187, 198, 222, 266, 279)
academic_year_202001 <- c(1, 1, 1, 1, 1, 1, 1, 1, 1, 2, 2, 2, 2, 2, 3, 3, 3, 4, 4, 4, 4, 6, 6, 6, 7, 7, 7, 7, 7, 8, 8, 8, 9, 9, 10, 10, 14, 15, 17, 18, 19, 22, 22, 23, 23, 23, 26, 28, 28, 29, 29, 30, 31, 33, 34, 37, 40, 42, 43, 44, 47, 47, 51, 52, 52, 56, 57, 57, 58, 60, 60, 73, 74, 78, 117, 133, 136, 146, 167, 235, 248, 271)
academic_year_202002 <- c(1, 1, 1, 1, 1, 1, 1, 1, 2, 2, 2, 3, 3, 3, 3, 3, 3, 4, 4, 4, 5, 5, 6, 6, 6, 7, 7, 10, 10, 10, 10, 11, 12, 12, 13, 13, 14, 15, 15, 16, 16, 17, 18, 19, 19, 20, 20, 21, 21, 21, 25, 25, 26, 27, 29, 32, 35, 37, 39, 40, 41, 41, 41, 42, 43, 44, 55, 55, 55, 55, 76, 82, 84, 84, 96, 106, 120, 153, 178, 236, 242)
academic_year_202003 <- c(1, 1, 1, 1, 1, 1, 2, 3, 3, 3, 3, 3, 3, 3, 4, 4, 4, 4, 4, 5, 5, 5, 5, 5, 6, 6, 7, 7, 7, 9, 10, 11, 11, 12, 12, 14, 14, 15, 15, 16, 17, 18, 18, 20, 20, 21, 22, 22, 24, 25, 27, 29, 30, 31, 31, 32, 32, 34, 35, 35, 36, 39, 44, 45, 45, 46, 46, 48, 50, 71, 77, 86, 89, 95, 108, 136, 142, 150, 191, 228)
academic_year_202101 <- c(1, 2, 2, 3, 3, 4, 4, 5, 5, 6, 6, 6, 6, 6, 7, 8, 8, 8, 10, 10, 10, 11, 11, 11, 11, 12, 13, 15, 16, 16, 16, 18, 18, 23, 23, 23, 28, 30, 31, 33, 34, 36, 36, 37, 37, 38, 39, 41, 41, 41, 45, 49, 50, 51, 52, 52, 53, 53, 57, 61, 68, 71, 74, 76, 87, 88, 98, 102, 107, 113, 115, 145, 173, 178, 202, 227, 351, 369, 386)
academic_year_202102 <- c(1, 1, 1, 2, 3, 3, 3, 3, 3, 4, 4, 5, 6, 6, 6, 6, 7, 8, 9, 10, 10, 10, 11, 11, 11, 11, 13, 13, 14, 14, 14, 17, 19, 21, 23, 23, 26, 27, 28, 30, 33, 34, 34, 35, 35, 36, 36, 36, 41, 42, 45, 49, 49, 53, 53, 55, 61, 61, 65, 67, 68, 68, 70, 74, 81, 87, 92, 99, 116, 120, 130, 131, 134, 174, 188, 219, 264, 338, 356)
